0.000 8.358
9.300 17.387
17.287 25.156
25.368 31.647
30.958 37.184
36.789 42.308
41.831 46.031
48.970 54.766
55.196 62.346
62.753 69.120
69.579 78.420
78.797 88.598
87.314 94.576
93.381 99.265
98.287 107.334
105.815 110.544
108.536 119.533
123.826 133.545
135.112 144.789
145.402 156.222
155.792 160.309
159.473 167.790
166.883 170.858
169.533 179.334
182.538 192.192
192.652 199.973
199.643 207.200
207.924 215.069
215.799 221.583
222.131 228.952
229.034 232.533
233.104 234.883
235.655 242.888
243.076 246.805
247.346 251.346
