0.789 9.471
9.471 17.644
17.644 25.437
25.437 31.321
31.321 36.975
36.975 42.075
42.075 47.520
47.520 55.075
55.075 62.467
62.467 69.135
69.135 77.137
77.137 86.489
86.489 92.424
92.424 97.120
97.120 104.914
104.914 107.828
107.828 119.989
119.989 132.554
132.554 143.200
143.200 153.954
153.954 157.797
157.797 165.210
165.210 167.956
167.956 178.646
178.646 190.137
190.137 197.616
197.616 205.285
205.285 213.031
213.031 219.521
219.521 226.444
226.444 230.304
230.304 232.710
232.710 240.385
240.385 244.419
244.419 248.970
