0.789 9.471
9.471 17.609
17.609 25.469
25.469 31.269
31.269 36.928
36.928 42.060
42.060 47.520
47.520 55.052
55.052 62.499
62.499 69.219
69.219 77.137
77.137 86.564
86.564 92.453
92.453 97.158
97.158 104.925
104.925 107.828
107.828 119.989
119.989 132.554
132.554 143.229
143.229 153.954
153.954 157.742
157.742 165.132
165.132 167.874
167.874 178.561
178.561 190.137
190.137 197.547
197.547 205.235
205.235 212.973
212.973 219.437
219.437 226.406
226.406 230.301
230.301 232.713
232.713 240.379
240.379 244.419
244.419 248.970
