0.000 7.734
9.518 16.106
17.691 23.930
25.961 30.163
31.682 36.950
37.649 42.152
42.809 46.377
50.114 55.774
56.486 63.852
64.219 71.109
71.205 77.993
80.639 88.270
89.355 93.761
95.563 97.962
100.584 106.968
108.288 110.313
111.073 120.590
126.721 135.304
138.270 147.221
148.800 159.680
159.433 163.062
163.200 171.639
170.783 174.780
173.496 184.659
186.805 197.582
197.154 205.087
204.309 213.405
212.784 220.765
220.843 228.119
227.323 235.575
234.388 239.348
238.553 241.989
241.163 249.222
248.758 253.206
253.128 257.703
