0.000 25.656
26.792 50.309
59.787 64.546
68.195 91.811
94.066 106.215
109.191 117.492
118.462 129.333
132.103 157.220
156.656 173.638
172.759 197.669
201.459 226.509
223.764 237.571
232.712 248.185
244.163 277.382
281.362 295.633
293.120 301.927
299.240 311.172
312.184 319.332
317.997 325.435
323.362 328.685
328.884 336.754
334.896 355.751
355.096 369.781
369.732 378.779
378.099 382.659
390.388 397.054
397.486 418.556
418.805 431.517
432.744 443.516
444.735 454.030
454.876 458.674
459.395 471.187
