0.000 4.257
6.006 16.336
17.417 21.421
22.341 30.096
31.337 42.478
44.522 46.972
48.383 56.263
56.829 70.285
69.803 77.760
76.586 86.511
90.261 96.512
95.861 106.192
107.197 118.862
119.774 130.949
130.797 144.126
142.310 150.005
148.206 161.610
158.206 169.035
164.322 178.470
178.022 195.524
195.397 202.704
201.158 213.177
213.600 219.681
218.904 231.490
232.301 245.275
245.190 251.720
252.210 259.693
259.592 272.228
272.211 284.831
283.927 288.176
287.635 297.340
296.377 303.937
302.864 312.992
315.323 323.001
322.224 330.916
333.103 336.676
337.589 345.537
348.527 358.055
358.443 360.876
362.363 369.061
370.100 375.362
376.207 389.037
389.122 396.462
395.972 403.473
402.645 413.693
