0.000 5.556
6.148 17.031
17.217 22.477
22.333 31.339
31.356 42.416
43.516 47.515
47.270 55.540
55.938 68.580
68.935 75.624
75.548 84.367
89.745 95.589
95.428 105.821
105.914 117.905
118.488 128.914
131.274 141.244
141.844 147.628
147.975 158.054
158.164 164.786
164.625 173.834
177.960 192.116
194.720 199.989
200.834 211.607
213.975 219.277
219.624 231.107
232.224 245.627
245.610 252.561
252.620 260.154
260.044 270.733
271.858 283.612
283.527 287.366
287.223 296.102
295.983 302.926
303.036 311.585
315.213 322.307
322.654 330.992
332.590 336.987
337.334 346.374
348.259 357.942
357.857 362.136
361.992 369.738
369.713 375.497
375.598 388.646
388.612 395.817
395.656 402.548
402.548 413.812
