0.012 4.017
4.017 11.918
11.918 15.386
15.386 21.542
21.542 30.076
30.076 33.321
33.321 38.960
38.960 47.848
47.848 52.672
52.672 60.346
60.346 65.910
65.910 73.395
73.395 82.126
82.126 89.626
89.626 97.541
97.541 101.747
101.747 108.690
108.690 112.942
112.942 120.845
120.845 133.190
133.190 137.976
137.976 145.984
145.984 150.358
150.358 159.115
159.115 168.525
168.525 173.322
173.322 178.454
178.454 186.639
186.639 195.170
195.170 197.727
197.727 203.738
203.738 208.109
208.109 215.446
215.446 221.341
221.341 228.153
228.153 231.927
231.927 238.890
238.890 246.381
246.381 249.083
249.083 254.372
254.372 258.508
258.508 267.447
267.447 272.173
272.173 276.730
276.730 284.323
