0.000 4.295
13.189 24.689
24.880 29.820
29.672 38.784
38.802 51.120
52.209 55.667
55.493 64.963
65.294 78.875
79.215 86.297
86.219 95.026
100.393 105.114
104.940 114.793
114.871 127.486
128.070 139.517
141.860 152.715
153.298 158.647
158.978 170.155
170.234 177.552
177.377 186.951
191.063 204.052
206.648 211.274
211.867 221.798
224.080 228.358
228.689 240.162
241.251 253.979
253.961 260.451
260.512 268.501
268.388 280.967
282.056 293.573
293.486 296.439
296.265 307.041
306.919 313.610
313.688 322.626
326.233 332.723
333.054 340.642
342.227 346.444
346.775 355.269
357.211 367.857
367.770 370.584
370.409 378.703
378.677 384.984
385.062 398.679
398.644 406.092
405.918 413.062
413.062 425.249
