0.012 4.017
4.017 11.918
11.918 15.415
15.415 21.542
21.542 30.076
30.076 33.280
33.280 38.960
38.960 47.868
47.868 52.672
52.672 60.346
60.346 65.910
65.910 73.395
73.395 82.126
82.126 89.626
89.626 97.541
97.541 101.750
101.750 108.707
108.707 112.942
112.942 120.845
120.845 133.190
133.190 138.060
138.060 146.022
146.022 150.358
150.358 159.115
159.115 168.525
168.525 173.322
173.322 178.454
178.454 186.639
186.639 195.170
195.170 197.744
197.744 203.738
203.738 208.123
208.123 215.446
215.446 221.344
221.344 228.153
228.153 231.927
231.927 238.890
238.890 246.381
246.381 249.101
249.101 254.372
254.372 258.508
258.508 267.447
267.447 272.173
272.173 276.730
276.730 284.323
