0.000 5.559
6.016 17.076
17.448 22.499
22.381 31.266
31.393 42.579
44.601 47.774
48.468 55.762
56.930 68.734
69.927 75.833
76.721 84.540
90.421 95.802
96.031 106.032
107.386 118.090
119.985 129.090
131.028 141.427
142.561 147.866
148.467 158.283
158.486 164.967
164.612 173.996
178.337 192.239
195.742 200.210
201.513 211.760
213.977 219.519
219.291 231.425
232.711 246.063
245.623 253.002
252.655 260.964
260.050 271.710
272.692 284.673
284.428 288.430
288.143 297.205
296.900 303.780
303.399 312.470
315.880 323.225
322.793 331.898
333.692 337.939
338.185 347.120
349.142 357.985
359.076 362.241
363.002 369.975
370.753 375.737
376.871 389.039
389.809 396.180
396.671 402.916
403.356 414.187
