0.012 3.959
3.959 10.281
10.281 14.843
14.843 21.275
21.275 26.056
26.056 33.776
33.776 37.939
37.939 44.173
44.173 48.872
48.872 55.313
55.313 62.479
62.479 66.061
66.061 70.417
70.417 77.958
77.958 82.042
82.042 88.131
88.131 98.850
98.850 106.019
106.019 109.360
109.360 113.708
113.708 119.888
119.888 124.125
124.125 131.245
131.245 135.425
135.425 141.108
141.108 145.197
145.197 151.002
151.002 154.654
154.654 160.615
160.615 164.458
164.458 171.694
171.694 175.589
175.589 181.409
181.409 185.281
185.281 190.235
