0.012 10.571
10.571 18.570
18.570 26.297
26.297 38.754
38.754 46.939
46.939 59.124
59.124 65.773
65.773 75.851
75.851 82.977
82.977 91.855
91.855 101.698
101.698 109.665
109.665 111.911
111.911 120.953
120.953 129.315
129.315 139.297
139.297 145.969
145.969 155.847
155.847 162.885
162.885 170.620
170.620 180.297
180.297 194.255
194.255 204.820
204.820 209.247
209.247 217.022
217.022 222.311
222.311 229.399
229.399 234.333
234.333 241.284
241.284 248.491
248.491 250.233
250.233 258.656
258.656 264.707
264.707 270.393
270.393 278.004
278.004 288.151
288.151 293.103
293.103 302.695
302.695 311.226
311.226 318.337
318.337 321.495
321.495 330.246
