0.000 2.843
3.344 7.886
8.501 11.886
11.640 16.327
17.088 20.259
20.473 26.186
26.619 29.571
29.826 33.571
35.279 37.967
38.404 42.723
43.793 48.745
48.973 51.278
52.162 54.923
55.310 60.832
61.264 64.007
64.399 68.143
69.774 76.868
77.915 83.077
83.177 85.482
86.138 89.063
89.232 93.537
94.407 96.990
97.477 102.493
103.149 105.923
106.251 110.270
111.030 113.750
114.014 118.073
118.825 121.271
121.499 125.663
126.438 128.925
129.071 134.050
135.016 137.449
137.790 141.895
142.551 145.088
145.362 149.125
