0.000 13.939
15.033 25.561
25.987 37.907
36.419 50.736
57.991 64.296
66.146 79.039
84.959 89.552
91.241 105.123
105.911 115.764
114.904 127.636
128.134 141.518
141.261 151.854
151.950 155.819
154.998 168.414
167.570 181.613
179.208 193.702
195.407 208.509
202.702 222.713
217.043 232.381
225.721 243.022
236.829 256.752
250.019 272.958
272.910 289.913
284.315 295.334
290.251 304.399
302.806 311.927
308.445 320.059
319.005 327.209
324.836 336.386
334.826 345.773
344.429 348.330
346.754 360.113
358.625 366.668
366.741 370.175
378.661 383.495
385.546 397.409
400.337 404.407
406.224 418.265
419.745 430.281
431.375 440.070
441.212 445.073
445.595 457.499
