0.000 13.668
15.464 25.715
26.733 37.025
37.464 50.305
59.654 64.602
68.044 79.751
87.396 91.789
93.858 106.177
108.949 117.372
118.199 129.220
131.809 145.031
145.312 157.094
156.308 160.751
159.444 173.526
172.376 185.432
184.348 197.396
201.011 213.174
208.516 226.230
223.268 236.762
232.195 247.353
243.621 260.946
257.190 276.551
280.737 294.794
292.470 301.091
298.576 310.349
311.491 318.515
317.291 327.865
328.154 335.923
334.153 345.372
344.429 354.895
354.308 357.659
356.699 368.944
368.911 377.946
377.259 381.768
389.521 396.140
396.603 409.684
411.819 417.643
417.875 430.617
431.783 442.531
443.747 453.030
453.866 457.647
458.375 470.405
