0.000 3.593
4.734 9.888
12.036 15.274
16.480 21.549
24.194 27.116
28.986 34.701
37.687 39.164
42.228 45.453
49.949 50.845
54.373 56.947
62.004 65.396
69.337 68.634
73.852 73.665
78.309 81.521
86.739 86.062
91.177 92.183
98.788 103.819
110.314 112.152
117.764 115.390
121.956 120.628
126.336 126.897
133.663 131.928
138.010 139.655
146.041 144.422
150.433 150.633
157.199 155.664
161.424 162.140
168.235 166.816
172.021 173.466
179.013 178.329
182.741 188.056
191.158 193.274
195.086 200.665
201.826 205.658
205.806 211.360
