0.012 3.959
3.959 10.365
10.365 14.919
14.919 21.275
21.275 26.047
26.047 33.776
33.776 38.005
38.005 44.173
44.173 48.840
48.840 55.313
55.313 62.482
62.482 66.116
66.116 70.478
70.478 77.958
77.958 82.042
82.042 88.131
88.131 98.850
98.850 106.063
106.063 109.441
109.441 113.702
113.702 119.960
119.960 124.151
124.151 131.196
131.196 135.390
135.390 141.160
141.160 145.226
145.226 151.008
151.008 154.723
154.723 160.615
160.615 164.542
164.542 171.778
171.778 175.659
175.659 181.493
181.493 185.281
185.281 190.235
