0.012 10.571
10.571 18.570
18.570 26.297
26.297 38.754
38.754 47.023
47.023 59.124
59.124 65.773
65.773 75.851
75.851 82.982
82.982 91.855
91.855 101.698
101.698 109.665
109.665 111.911
111.911 120.953
120.953 129.306
129.306 139.297
139.297 145.885
145.885 155.847
155.847 162.876
162.876 170.623
170.623 180.300
180.300 194.255
194.255 204.803
204.803 209.247
209.247 217.022
217.022 222.311
222.311 229.387
229.387 234.321
234.321 241.284
241.284 248.491
248.491 250.230
250.230 258.656
258.656 264.722
264.722 270.359
270.359 278.004
278.004 288.151
288.151 293.103
293.103 302.695
302.695 311.214
311.214 318.337
318.337 321.495
321.495 330.246
