0.000 3.592
4.727 9.887
12.028 15.272
16.472 21.547
24.185 27.113
28.977 34.691
37.677 39.161
42.218 45.449
49.938 50.841
54.362 56.961
61.992 65.410
69.325 68.647
73.839 73.678
78.296 81.533
86.725 86.074
91.162 92.194
98.772 103.829
110.298 112.161
117.747 115.399
121.939 120.636
126.318 126.905
133.644 131.935
137.991 139.662
146.021 144.428
150.413 150.639
157.178 155.669
161.403 162.144
168.213 166.820
171.999 173.469
178.990 178.332
182.718 188.058
191.134 193.275
195.062 200.666
201.802 205.658
205.781 211.340
