0.000 3.011
3.339 7.886
8.497 11.886
11.635 16.328
17.084 20.260
20.469 26.187
26.615 29.572
29.822 33.572
35.275 37.968
38.401 42.720
43.790 48.738
48.970 51.271
52.159 54.916
55.307 60.824
61.262 64.000
64.396 68.136
69.772 76.861
77.913 83.070
83.175 85.476
86.136 89.057
89.230 93.530
94.405 96.984
97.476 102.487
103.148 105.922
106.250 110.268
111.029 113.749
114.013 118.072
118.824 121.271
121.498 125.662
126.437 128.924
129.070 134.050
135.015 137.448
137.790 141.895
142.551 145.088
145.362 149.125
