0.000 3.411
4.425 5.717
6.539 8.736
10.925 14.919
15.691 19.364
21.259 22.645
22.868 24.556
25.233 27.959
28.918 32.337
33.323 36.609
39.436 40.356
41.472 43.528
45.267 46.582
47.236 50.063
51.027 52.640
52.902 55.510
55.914 60.358
60.855 64.759
65.343 69.407
71.244 75.778
76.906 81.515
82.733 87.862
88.125 92.714
93.685 97.139
97.985 101.642
104.751 110.116
112.039 117.344
119.267 121.581
122.365 127.886
128.970 132.632
133.274 137.190
141.047 144.767
145.495 150.069
151.424 155.441
155.997 159.866
160.269 162.646
162.975 167.247
167.498 171.422
