0.000 8.550
8.878 13.967
14.550 19.828
20.361 25.962
27.705 28.935
30.416 35.238
36.502 41.140
42.157 47.828
51.187 51.625
54.398 57.539
62.714 62.513
65.835 66.475
68.894 72.737
76.616 78.670
80.971 86.355
88.717 90.518
92.794 90.715
94.377 98.994
98.990 100.425
101.520 105.961
106.355 110.583
110.743 115.697
117.694 122.459
122.882 129.459
132.215 135.775
137.456 140.978
141.872 144.226
144.903 149.115
152.982 155.442
156.303 159.789
161.913 163.775
164.665 167.396
168.265 172.424
173.707 178.743
179.424 181.651
182.126 187.466
187.995 191.435
191.944 194.498
194.839 199.719
