0.000 4.844
4.735 10.235
10.171 16.872
19.133 23.001
23.432 27.691
28.257 34.155
37.161 40.573
41.787 45.649
46.805 53.487
55.440 58.839
60.317 63.581
65.110 69.543
73.713 76.013
78.255 81.808
83.331 85.785
87.436 89.338
91.381 94.574
95.994 98.725
99.598 103.486
104.295 106.274
109.358 113.290
114.003 118.282
119.059 125.041
127.463 131.646
132.301 135.385
136.542 142.465
144.952 148.858
149.507 153.413
154.062 161.123
161.534 166.263
167.092 170.670
171.409 177.160
179.569 183.687
184.420 187.684
188.358 194.507
196.280 199.570
200.681 204.228
205.146 210.241
213.724 216.981
218.632 220.990
222.532 227.370
228.996 235.889
238.202 243.702
247.294 256.076
258.319 261.171
264.840 266.144
268.765 269.954
272.704 275.557
280.311 281.737
284.526 285.817
288.541 291.985
295.917 297.864
299.926 301.577
303.582 307.218
311.073 317.903
319.207 325.163
327.007 333.406
334.691 339.850
342.086 345.845
346.378 350.586
350.991 357.300
358.058 361.952
362.363 365.942
366.244 372.187
