0.000 3.512
4.639 7.786
9.964 14.068
18.745 20.017
22.956 23.944
27.683 30.277
36.408 35.980
40.940 40.210
45.856 47.656
54.316 52.201
59.093 56.802
63.789 63.222
72.217 68.680
76.668 73.715
81.640 77.656
85.663 81.137
89.527 85.404
94.047 88.929
97.578 92.876
100.776 96.225
107.140 102.872
111.690 107.133
116.644 113.912
124.878 119.439
129.617 123.285
133.205 130.505
142.011 136.271
146.474 139.934
150.937 147.853
158.258 152.492
163.702 156.281
167.932 163.828
175.926 169.858
180.679 174.013
184.537 181.252
192.298 186.457
196.610 190.360
200.985 197.340
209.388 203.301
214.197 207.708
218.018 214.694
224.350 223.796
233.370 231.790
242.277 242.781
253.079 247.999
259.468 252.518
263.314 256.736
267.172 264.346
274.625 270.307
278.754 275.210
282.688 281.612
289.914 287.138
293.842 291.784
297.424 297.568
304.763 307.866
312.732 315.917
320.374 324.459
327.902 331.502
335.147 337.533
339.352 341.813
343.871 349.102
350.795 354.377
355.013 358.279
358.814 364.706
