0.000 8.145
9.406 13.127
13.547 19.228
21.233 25.012
25.802 27.911
28.328 33.443
33.997 39.380
44.812 46.696
47.678 49.840
50.669 55.696
58.416 59.773
61.324 62.733
64.174 69.014
71.367 74.362
75.425 81.663
82.641 85.338
86.439 90.312
90.297 93.533
94.568 98.763
99.072 103.271
103.160 108.130
109.635 114.392
114.468 120.974
123.163 126.357
128.046 130.926
132.160 134.368
135.167 139.411
142.509 144.683
145.604 148.454
150.830 151.541
153.393 154.941
156.748 159.785
161.817 166.123
167.143 168.698
169.660 174.982
175.127 178.692
178.806 181.461
181.503 185.813
