0.000 3.404
4.406 5.791
6.512 8.797
10.879 14.650
15.625 19.208
21.170 22.203
22.772 24.223
25.127 27.607
28.797 32.708
33.184 36.935
39.270 39.945
41.298 43.080
45.077 45.603
47.038 49.120
50.813 51.386
52.680 54.022
55.679 58.974
60.600 63.376
65.069 67.981
70.945 74.727
76.583 81.142
82.386 87.993
87.755 93.284
93.292 97.613
97.574 102.198
104.312 110.570
111.568 117.784
118.767 121.617
121.851 128.168
128.429 132.621
132.715 136.891
140.455 144.003
144.885 148.378
150.788 153.951
155.343 158.470
159.597 161.589
162.291 165.824
166.795 170.422
