0.000 4.600
5.834 13.010
15.021 19.306
19.792 27.187
28.870 37.128
38.246 43.077
43.521 48.802
52.685 57.801
57.558 64.540
65.281 71.006
70.392 75.976
75.326 82.150
81.646 87.990
89.588 94.243
93.811 101.741
101.893 106.147
105.120 114.764
113.682 120.968
119.588 124.468
125.483 129.809
128.910 139.125
140.377 143.968
142.947 148.562
147.523 154.553
153.994 162.854
162.915 172.388
172.601 176.186
175.840 180.938
180.167 186.000
186.887 192.241
190.983 197.831
198.287 205.336
204.576 206.284
205.646 210.185
210.398 216.961
218.662 227.036
226.908 232.529
