0.041 5.268
5.268 13.735
13.735 18.858
18.858 26.790
26.790 36.040
36.040 41.575
41.575 48.628
48.628 55.025
55.025 61.716
61.716 67.129
67.129 72.583
72.583 77.897
77.897 84.703
84.703 89.658
89.658 96.842
96.842 100.461
100.461 108.507
108.507 114.318
114.318 118.994
118.994 123.188
123.188 132.940
132.940 137.874
137.874 148.535
148.535 155.672
155.672 164.746
164.746 167.999
167.999 171.532
171.532 177.853
177.853 181.388
181.388 188.822
188.822 193.173
193.173 200.789
200.789 203.584
203.584 207.914
207.914 216.648
216.648 222.174
