0.000 4.538
5.508 11.693
14.183 17.264
18.687 24.160
27.259 32.577
36.112 37.598
41.092 43.915
49.744 52.033
54.345 58.241
61.638 64.386
66.463 69.286
72.086 74.863
77.089 81.099
84.588 86.102
88.575 93.635
96.206 97.416
99.252 106.092
107.337 111.014
112.913 114.698
118.479 118.949
121.715 129.271
132.541 135.485
136.380 144.630
147.855 151.980
153.822 162.399
162.967 165.285
166.025 168.871
169.496 174.631
176.456 178.407
179.239 184.856
187.219 189.836
190.851 197.266
198.654 199.979
201.322 203.284
206.457 213.732
214.243 219.424
