0.041 5.268
5.268 13.735
13.735 18.858
18.858 26.790
26.790 36.063
36.063 41.575
41.575 48.628
48.628 55.025
55.025 61.716
61.716 67.152
67.152 72.014
72.014 77.903
77.903 84.721
84.721 89.658
89.658 96.885
96.885 100.461
100.461 108.507
108.507 114.329
114.329 119.028
119.028 123.188
123.188 132.940
132.940 136.597
136.597 141.053
141.053 147.165
147.165 155.672
155.672 164.746
164.746 167.999
167.999 172.237
172.237 177.900
177.900 182.570
182.570 188.822
188.822 195.556
195.556 196.508
196.508 200.789
200.789 207.914
207.914 216.671
216.671 222.174
