0.000 8.107
9.413 13.127
13.554 19.228
21.241 25.012
25.810 27.911
28.335 33.443
34.005 39.380
44.820 46.696
47.685 49.840
50.677 55.696
58.424 59.773
61.331 62.733
64.181 68.983
71.375 74.332
75.432 81.633
82.649 85.308
87.921 90.282
90.305 93.502
94.576 98.732
99.080 103.240
103.168 108.100
109.643 114.361
114.476 120.944
123.171 126.326
128.053 130.896
132.168 134.338
135.174 139.380
142.517 144.714
145.611 148.484
150.838 151.571
153.401 154.971
156.755 159.815
161.825 166.153
167.150 168.698
169.668 174.982
175.135 178.692
178.814 181.461
181.511 185.813
