0.081 4.339
4.339 9.282
9.282 16.408
16.408 21.336
21.336 25.591
25.591 32.615
32.615 37.817
37.817 42.344
42.344 49.868
49.868 54.558
54.558 58.871
58.871 65.524
65.524 70.780
70.780 75.389
75.389 79.093
79.093 82.422
82.422 86.779
86.779 90.102
90.102 94.372
94.372 97.797
97.797 103.085
103.085 107.677
107.677 114.518
114.518 119.629
119.629 123.405
123.405 130.366
130.366 135.248
135.248 139.256
139.256 146.048
146.048 151.136
151.136 155.037
155.037 161.744
161.744 166.783
166.783 170.321
170.321 177.072
177.072 181.400
181.400 185.513
185.513 192.139
192.139 197.637
197.637 201.195
201.195 207.006
207.006 215.362
215.362 223.036
223.036 233.543
233.543 238.916
238.916 243.000
243.000 246.480
246.480 252.563
252.563 257.155
257.155 260.783
260.783 266.765
266.765 271.096
271.096 274.347
274.347 280.175
280.175 288.502
288.502 295.291
295.291 302.454
302.454 308.515
308.515 313.040
313.040 317.251
317.251 323.396
323.396 327.503
327.503 330.937
330.937 336.422
