0.000 3.403
4.413 5.791
6.521 8.800
10.891 14.653
15.640 19.211
21.189 22.204
22.793 24.225
25.150 27.604
28.822 32.673
33.212 36.899
39.303 39.908
41.332 43.046
45.114 45.570
47.077 49.086
50.854 51.353
52.723 53.991
55.724 58.939
60.648 63.345
65.120 67.950
71.001 74.693
76.644 81.096
82.450 87.948
87.824 93.244
93.365 97.571
97.649 102.156
104.392 110.531
111.655 117.746
118.858 121.582
121.945 128.122
128.528 132.574
132.816 136.847
140.562 143.965
144.995 148.464
150.903 154.037
155.461 158.555
159.718 161.509
162.415 165.915
166.922 170.516
