0.000 4.848
4.719 10.240
10.144 16.871
19.090 23.001
23.379 27.650
28.195 34.107
37.083 40.532
41.699 45.643
46.707 53.543
55.326 58.788
60.193 63.687
64.976 69.644
73.562 76.057
78.096 81.809
83.162 85.528
87.259 89.080
91.196 94.351
95.800 98.506
99.398 103.290
104.085 105.970
109.138 112.966
113.774 118.038
118.821 124.816
127.208 135.127
136.268 142.238
144.662 148.631
149.209 153.191
153.755 157.820
158.045 160.982
162.181 165.964
166.759 170.318
171.068 176.705
179.212 183.226
184.053 187.221
187.984 194.044
195.890 199.097
200.283 203.745
204.739 209.754
213.300 216.500
218.199 220.507
222.091 226.888
230.042 235.410
237.731 243.271
246.804 255.647
257.808 260.738
264.316 265.721
268.234 269.465
272.165 275.070
279.757 280.988
283.964 285.124
287.978 291.332
295.333 297.205
299.334 300.783
302.983 306.426
310.460 317.116
318.578 324.246
326.362 332.499
334.031 338.950
341.412 344.939
345.695 349.684
350.299 356.404
357.353 361.046
361.649 365.041
365.522 371.281
