0.023 13.540
13.540 20.619
20.619 30.705
30.705 39.242
39.242 43.035
43.035 51.693
51.693 64.084
64.084 72.272
72.272 77.026
77.026 87.203
87.203 92.964
92.964 97.547
97.547 107.398
107.398 114.631
114.631 125.597
125.597 132.566
132.566 137.242
137.242 143.012
143.012 150.282
150.282 156.770
156.770 165.248
165.248 173.851
173.851 185.487
185.487 193.715
193.715 200.661
200.661 205.421
205.421 214.343
214.343 221.280
221.280 228.394
228.394 233.152
233.152 238.211
238.211 245.589
245.589 253.977
253.977 257.753
257.753 265.985
265.985 271.575
271.575 275.691
275.691 282.790
