0.000 3.394
4.427 5.703
6.541 8.721
10.925 14.886
15.689 19.270
21.255 22.551
22.864 24.465
25.228 27.878
28.912 32.262
33.315 36.533
39.426 40.283
41.461 43.453
45.254 46.511
47.223 49.990
51.012 52.562
52.887 55.471
55.897 60.360
60.837 64.787
65.323 69.433
71.222 75.833
76.882 81.587
82.707 87.929
88.097 92.755
93.655 97.194
97.953 101.695
104.717 110.166
112.002 117.396
119.228 121.635
122.324 127.840
128.235 132.682
133.230 137.242
141.000 144.816
145.446 149.983
151.373 155.385
155.945 159.808
160.215 162.419
162.920 167.187
167.441 171.360
