0.000 4.601
5.815 13.013
14.992 19.314
19.757 27.010
28.825 36.958
38.190 42.900
43.459 48.606
52.612 57.613
57.480 64.345
65.194 70.942
70.299 76.253
76.247 82.080
81.540 87.925
89.473 94.080
93.691 101.552
101.764 105.916
104.987 114.529
113.539 120.683
119.439 124.161
125.326 129.508
128.750 138.765
140.203 145.089
144.264 154.333
156.403 162.631
162.716 172.154
172.391 175.923
175.626 179.899
179.298 185.744
186.660 190.290
189.604 197.422
198.047 202.460
201.889 209.798
210.144 212.960
212.966 216.566
218.399 226.544
226.635 232.256
