0.000 4.538
5.496 11.692
14.170 17.262
18.673 24.158
27.244 32.574
36.096 37.594
41.076 43.910
49.727 52.027
54.328 58.235
61.619 64.379
66.444 69.278
72.066 74.860
77.069 81.096
84.567 86.099
88.554 93.631
96.184 97.412
99.230 106.086
107.313 111.008
112.890 114.691
118.454 118.942
121.690 129.268
132.515 135.481
136.353 144.626
147.827 151.975
153.793 162.393
162.938 165.278
165.996 168.870
169.466 174.630
176.425 178.404
179.208 184.853
187.187 189.832
190.819 197.215
198.621 199.929
201.289 203.233
206.423 213.686
214.208 219.377
