0.186 6.168
6.168 9.648
9.648 15.197
15.197 23.049
23.049 30.409
30.409 34.038
34.038 37.317
37.317 42.551
42.551 49.099
49.099 56.906
56.906 61.524
61.524 66.496
66.496 70.217
70.217 75.299
75.299 78.565
78.565 82.791
82.791 89.992
89.992 96.682
96.682 104.432
104.432 113.354
113.354 121.928
121.928 130.499
130.499 138.478
138.478 145.191
145.191 153.542
153.542 165.442
165.442 176.089
176.089 181.432
181.432 190.378
190.378 197.611
197.611 206.527
206.527 215.533
215.533 223.980
223.980 231.381
231.381 237.767
237.767 241.795
241.795 248.352
248.352 254.694
