0.000 3.512
4.632 7.786
9.957 14.067
18.738 20.015
22.948 23.943
27.675 30.275
36.399 35.977
40.931 40.207
45.846 47.653
54.306 52.071
59.083 56.672
63.778 63.092
72.206 68.549
76.656 73.585
81.629 77.525
85.651 81.005
89.515 85.273
94.034 88.798
97.565 92.826
102.166 96.092
107.126 102.745
111.677 107.025
116.630 113.804
124.863 123.277
133.757 130.395
141.996 136.161
146.458 139.824
150.921 144.268
155.131 147.937
159.191 152.381
163.685 156.170
167.915 163.717
175.908 169.746
180.660 173.901
184.519 181.139
192.279 186.344
196.591 190.246
200.965 197.227
209.368 203.187
214.177 207.593
217.997 214.579
225.802 223.681
233.349 231.674
242.255 242.664
253.056 247.882
259.444 252.401
263.290 256.618
267.148 264.228
274.600 270.188
278.729 275.091
282.669 281.492
289.889 287.019
293.816 291.664
297.398 297.448
304.737 307.745
312.705 315.795
320.346 320.560
324.506 331.380
335.118 337.409
339.323 341.689
343.842 348.978
350.766 354.253
354.983 358.155
358.784 364.682
