0.000 8.559
10.049 13.829
14.473 19.686
22.686 25.820
27.567 28.796
30.265 35.094
36.322 41.045
47.877 47.657
50.939 51.457
54.135 57.310
62.412 62.261
65.518 66.228
68.563 72.502
76.249 78.428
80.584 86.114
88.294 90.347
92.351 96.208
96.473 100.028
101.037 105.579
105.849 110.204
110.216 115.306
117.134 122.065
122.298 129.102
131.587 135.408
136.804 140.636
141.200 144.147
144.412 148.775
152.257 159.269
161.147 163.187
163.885 166.771
167.469 171.804
172.885 178.122
178.575 181.053
181.265 186.869
187.106 190.710
191.036 193.775
193.918 198.816
