0.023 12.591
12.591 20.619
20.619 28.868
28.868 39.242
39.242 43.035
43.035 51.693
51.693 59.716
59.716 72.272
72.272 77.026
77.026 87.203
87.203 92.964
92.964 97.547
97.547 107.482
107.482 114.631
114.631 125.597
125.597 131.399
131.399 132.566
132.566 140.234
140.234 142.928
142.928 150.282
150.282 156.770
156.770 165.248
165.248 173.929
173.929 185.403
185.403 193.715
193.715 200.661
200.661 205.177
205.177 214.343
214.343 221.286
221.286 228.365
228.365 233.166
233.166 238.211
238.211 245.589
245.589 253.977
253.977 257.753
257.753 265.996
265.996 271.601
271.601 275.699
275.699 282.790
