0.081 4.339
4.339 9.282
9.282 16.408
16.408 21.336
21.336 25.615
25.615 32.615
32.615 37.831
37.831 42.371
42.371 49.868
49.868 54.523
54.523 58.871
58.871 65.524
65.524 70.780
70.780 75.386
75.386 79.093
79.093 82.422
82.422 86.779
86.779 90.120
90.120 93.092
93.092 97.797
97.797 103.079
103.079 107.654
107.654 114.547
114.547 119.618
119.618 122.964
122.964 130.348
130.348 135.248
135.248 139.204
139.204 146.048
146.048 151.136
151.136 154.953
154.953 161.744
161.744 166.708
166.708 170.318
170.318 177.072
177.072 181.400
181.400 185.435
185.435 192.139
192.139 197.619
197.619 201.213
201.213 207.006
207.006 215.380
215.380 223.036
223.036 233.561
233.561 238.916
238.916 242.916
242.916 246.419
246.419 252.563
252.563 257.155
257.155 260.783
260.783 266.762
266.762 271.070
271.070 274.347
274.347 280.175
280.175 288.450
288.450 295.303
295.303 302.475
302.475 308.515
308.515 313.040
313.040 317.222
317.222 323.396
323.396 327.483
327.483 330.937
330.937 336.422
